helmet 0 0 0 159.04 77.39914163090128 191.416 126.76394849785407 0 0 0 0 0 0 0
helmet 0 0 0 4.544 76.18025751072962 48.848 143.21888412017168 0 0 0 0 0 0 0
helmet 0 0 0 65.32 84.71244635193133 102.24 140.1716738197425 0 0 0 0 0 0 0
helmet 0 0 0 213.0 92.63519313304721 232.88 133.46781115879827 0 0 0 0 0 0 0
helmet 0 0 0 234.016 90.19742489270386 269.232 142.0 0 0 0 0 0 0 0
helmet 0 0 0 190.848 90.19742489270386 219.816 135.90557939914163 0 0 0 0 0 0 0
helmet 0 0 0 140.296 75.57081545064378 166.992 123.71673819742489 0 0 0 0 0 0 0
helmet 0 0 0 111.896 107.87124463519314 131.208 138.343347639485 0 0 0 0 0 0 0
helmet 0 0 0 98.832 95.07296137339056 114.168 133.46781115879827 0 0 0 0 0 0 0
helmet 0 0 0 270.936 87.15021459227468 283.432 135.90557939914163 0 0 0 0 0 0 0
