helmet 0 0 0 40.896 112.08533333333334 61.912 149.19466666666668 0 0 0 0 0 0 0
helmet 0 0 0 5.112 93.90933333333334 34.648 141.62133333333333 0 0 0 0 0 0 0
helmet 0 0 0 124.392 118.90133333333333 140.864 148.43733333333333 0 0 0 0 0 0 0
helmet 0 0 0 240.832 83.30666666666667 279.456 142.37866666666667 0 0 0 0 0 0 0
helmet 0 0 0 63.048 120.416 79.52 149.952 0 0 0 0 0 0 0
helmet 0 0 0 85.768 117.38666666666667 103.944 143.89333333333335 0 0 0 0 0 0 0
helmet 0 0 0 217.544 119.65866666666666 234.016 151.46666666666667 0 0 0 0 0 0 0
helmet 0 0 0 178.352 114.35733333333333 194.824 140.864 0 0 0 0 0 0 0
helmet 0 0 0 203.344 110.57066666666667 218.112 140.10666666666665 0 0 0 0 0 0 0
helmet 0 0 0 156.2 115.872 169.832 143.136 0 0 0 0 0 0 0
helmet 0 0 0 235.152 109.81333333333333 250.488 149.19466666666668 0 0 0 0 0 0 0
