helmet 0 0 0 153.09375 147.91666666666666 167.14583333333334 173.55555555555554 0 0 0 0 0 0 0
helmet 0 0 0 31.802083333333332 157.77777777777777 43.635416666666664 176.51388888888889 0 0 0 0 0 0 0
helmet 0 0 0 10.354166666666666 150.875 20.708333333333332 164.68055555555554 0 0 0 0 0 0 0
helmet 0 0 0 18.489583333333332 156.79166666666666 28.84375 175.52777777777777 0 0 0 0 0 0 0
helmet 0 0 0 59.90625 155.80555555555554 68.78125 173.55555555555554 0 0 0 0 0 0 0
helmet 0 0 0 73.95833333333333 151.86111111111111 83.57291666666667 170.59722222222223 0 0 0 0 0 0 0
helmet 0 0 0 82.83333333333333 157.77777777777777 96.14583333333333 180.45833333333334 0 0 0 0 0 0 0
helmet 0 0 0 106.5 148.90277777777777 119.8125 170.59722222222223 0 0 0 0 0 0 0
helmet 0 0 0 142.73958333333334 156.79166666666666 153.09375 176.51388888888889 0 0 0 0 0 0 0
helmet 0 0 0 136.08333333333334 152.84722222222223 144.95833333333334 170.59722222222223 0 0 0 0 0 0 0
helmet 0 0 0 176.02083333333334 151.86111111111111 186.375 169.61111111111111 0 0 0 0 0 0 0
helmet 0 0 0 187.85416666666666 150.875 197.46875 170.59722222222223 0 0 0 0 0 0 0
helmet 0 0 0 198.20833333333334 155.80555555555554 210.04166666666666 176.51388888888889 0 0 0 0 0 0 0
head 0 0 0 255.89583333333334 166.65277777777777 275.8645833333333 193.27777777777777 0 0 0 0 0 0 0
helmet 0 0 0 220.39583333333334 148.90277777777777 234.44791666666666 169.61111111111111 0 0 0 0 0 0 0
helmet 0 0 0 250.71875 148.90277777777777 260.3333333333333 166.65277777777777 0 0 0 0 0 0 0
helmet 0 0 0 268.46875 148.90277777777777 282.5208333333333 171.58333333333334 0 0 0 0 0 0 0
