helmet 0 0 0 43.168 156.01066666666668 58.504 177.216 0 0 0 0 0 0 0
helmet 0 0 0 59.072 145.408 73.272 166.61333333333334 0 0 0 0 0 0 0
helmet 0 0 0 113.6 148.43733333333333 126.096 166.61333333333334 0 0 0 0 0 0 0
helmet 0 0 0 94.856 156.768 109.056 172.672 0 0 0 0 0 0 0
helmet 0 0 0 73.272 151.46666666666667 84.064 167.37066666666666 0 0 0 0 0 0 0
helmet 0 0 0 36.92 144.65066666666667 51.12 165.09866666666667 0 0 0 0 0 0 0
helmet 0 0 0 142.0 157.52533333333332 151.656 171.91466666666668 0 0 0 0 0 0 0
head 0 0 0 243.672 163.584 255.032 176.45866666666666 0 0 0 0 0 0 0
helmet 0 0 0 236.856 168.88533333333334 245.376 180.24533333333332 0 0 0 0 0 0 0
head 0 0 0 24.992 151.46666666666667 37.488 165.856 0 0 0 0 0 0 0
