head 0 0 0 248.216 103.1951951951952 276.048 140.72072072072072 0 0 0 0 0 0 0
head 0 0 0 72.704 95.51951951951952 89.744 126.22222222222223 0 0 0 0 0 0 0
head 0 0 0 218.68 104.04804804804805 238.56 136.45645645645646 0 0 0 0 0 0 0
head 0 0 0 156.2 101.48948948948949 171.536 126.22222222222223 0 0 0 0 0 0 0
head 0 0 0 268.664 82.72672672672672 282.864 121.95795795795796 0 0 0 0 0 0 0
helmet 0 0 0 89.176 101.48948948948949 98.264 125.36936936936937 0 0 0 0 0 0 0
helmet 0 0 0 109.056 109.16516516516516 118.144 126.22222222222223 0 0 0 0 0 0 0
helmet 0 0 0 145.976 112.57657657657657 155.064 129.63363363363362 0 0 0 0 0 0 0
head 0 0 0 122.688 114.28228228228228 131.776 132.19219219219218 0 0 0 0 0 0 0
head 0 0 0 98.264 114.28228228228228 107.92 133.04504504504504 0 0 0 0 0 0 0
head 0 0 0 173.24 110.87087087087087 187.44 138.16216216216216 0 0 0 0 0 0 0
head 0 0 0 186.872 110.01801801801801 194.824 127.92792792792793 0 0 0 0 0 0 0
head 0 0 0 203.912 113.42942942942943 215.84 132.19219219219218 0 0 0 0 0 0 0
