helmet 0 0 0 67.024 45.06586826347306 85.768 83.32934131736526 0 0 0 0 0 0 0
helmet 0 0 0 52.824 48.467065868263475 68.728 79.92814371257485 0 0 0 0 0 0 0
helmet 0 0 0 134.616 53.5688622754491 155.064 90.98203592814372 0 0 0 0 0 0 0
helmet 0 0 0 191.984 40.81437125748503 214.704 84.17964071856288 0 0 0 0 0 0 0
helmet 0 0 0 107.352 45.91616766467066 127.8 85.02994011976048 0 0 0 0 0 0 0
helmet 0 0 0 97.696 52.7185628742515 111.896 87.58083832335329 0 0 0 0 0 0 0
person 0 0 0 0.568 26.35928143712575 37.488 259.34131736526945 0 0 0 0 0 0 0
person 0 0 0 190.848 40.81437125748503 226.064 264.4431137724551 0 0 0 0 0 0 0
person 0 0 0 132.912 53.5688622754491 168.696 263.5928143712575 0 0 0 0 0 0 0
person 0 0 0 81.224 48.467065868263475 134.048 283.1497005988024 0 0 0 0 0 0 0
person 0 0 0 55.096 46.76646706586826 89.744 229.5808383233533 0 0 0 0 0 0 0
person 0 0 0 40.328 49.31736526946108 71.0 215.9760479041916 0 0 0 0 0 0 0
