helmet 0 0 0 124.96 99.968 139.16 124.96 0 0 0 0 0 0 0
helmet 0 0 0 30.104 117.38666666666667 44.304 139.34933333333333 0 0 0 0 0 0 0
helmet 0 0 0 71.0 110.57066666666667 81.224 126.47466666666666 0 0 0 0 0 0 0
helmet 0 0 0 85.768 108.29866666666666 93.72 127.232 0 0 0 0 0 0 0
helmet 0 0 0 92.584 117.38666666666667 100.536 131.01866666666666 0 0 0 0 0 0 0
helmet 0 0 0 105.648 118.144 113.6 132.53333333333333 0 0 0 0 0 0 0
helmet 0 0 0 191.984 107.54133333333333 204.48 124.96 0 0 0 0 0 0 0
helmet 0 0 0 209.024 99.968 219.248 122.688 0 0 0 0 0 0 0
helmet 0 0 0 27.832 106.02666666666667 36.92 122.688 0 0 0 0 0 0 0
helmet 0 0 0 17.608 112.08533333333334 27.264 127.232 0 0 0 0 0 0 0
