helmet 0 0 0 146.544 68.43373493975903 170.968 112.91566265060241 0 0 0 0 0 0 0
helmet 0 0 0 73.272 63.30120481927711 98.832 113.7710843373494 0 0 0 0 0 0 0
helmet 0 0 0 207.888 74.42168674698796 233.448 124.89156626506023 0 0 0 0 0 0 0
helmet 0 0 0 33.512 86.39759036144578 48.848 117.19277108433735 0 0 0 0 0 0 0
helmet 0 0 0 95.992 99.2289156626506 112.464 130.87951807228916 0 0 0 0 0 0 0
helmet 0 0 0 269.8 87.25301204819277 281.16 127.4578313253012 0 0 0 0 0 0 0
helmet 0 0 0 123.256 96.66265060240964 138.024 126.60240963855422 0 0 0 0 0 0 0
helmet 0 0 0 24.424 94.09638554216868 35.216 119.75903614457832 0 0 0 0 0 0 0
helmet 0 0 0 180.624 108.63855421686748 192.552 130.87951807228916 0 0 0 0 0 0 0
helmet 0 0 0 272.072 51.325301204819276 283.432 112.91566265060241 0 0 0 0 0 0 0
