helmet 0 0 0 1.136 99.21066666666667 18.744 128.74666666666667 0 0 0 0 0 0 0
head 0 0 0 260.144 112.84266666666667 283.432 156.768 0 0 0 0 0 0 0
head 0 0 0 56.232 106.02666666666667 73.272 133.29066666666668 0 0 0 0 0 0 0
head 0 0 0 150.52 99.21066666666667 164.152 125.71733333333333 0 0 0 0 0 0 0
head 0 0 0 126.664 101.48266666666666 142.568 121.93066666666667 0 0 0 0 0 0 0
head 0 0 0 85.768 96.18133333333333 99.4 122.688 0 0 0 0 0 0 0
head 0 0 0 36.92 96.18133333333333 49.984 116.62933333333334 0 0 0 0 0 0 0
helmet 0 0 0 70.432 90.88 81.792 109.81333333333333 0 0 0 0 0 0 0
head 0 0 0 69.296 101.48266666666666 79.52 118.144 0 0 0 0 0 0 0
head 0 0 0 107.92 96.93866666666666 118.144 117.38666666666667 0 0 0 0 0 0 0
head 0 0 0 122.688 93.90933333333334 132.912 115.872 0 0 0 0 0 0 0
head 0 0 0 170.968 95.424 184.032 116.62933333333334 0 0 0 0 0 0 0
head 0 0 0 142.0 93.90933333333334 151.088 109.056 0 0 0 0 0 0 0
