helmet 0 0 0 34.648 95.424 57.936 129.504 0 0 0 0 0 0 0
helmet 0 0 0 228.904 128.74666666666667 245.376 155.25333333333333 0 0 0 0 0 0 0
helmet 0 0 0 99.968 112.84266666666667 110.76 132.53333333333333 0 0 0 0 0 0 0
helmet 0 0 0 88.04 132.53333333333333 95.992 146.92266666666666 0 0 0 0 0 0 0
helmet 0 0 0 110.76 121.93066666666667 120.416 137.07733333333334 0 0 0 0 0 0 0
helmet 0 0 0 136.32 134.048 146.544 149.19466666666668 0 0 0 0 0 0 0
helmet 0 0 0 136.888 111.328 147.68 127.232 0 0 0 0 0 0 0
helmet 0 0 0 156.768 114.35733333333333 168.128 130.26133333333334 0 0 0 0 0 0 0
helmet 0 0 0 162.448 107.54133333333333 172.104 123.44533333333334 0 0 0 0 0 0 0
helmet 0 0 0 177.216 108.29866666666666 188.576 126.47466666666666 0 0 0 0 0 0 0
