head 0 0 0 102.24 92.10810810810811 119.28 125.36936936936937 0 0 0 0 0 0 0
head 0 0 0 240.264 89.54954954954955 277.752 145.83783783783784 0 0 0 0 0 0 0
head 0 0 0 169.264 107.45945945945945 186.304 137.3093093093093 0 0 0 0 0 0 0
head 0 0 0 28.968 103.1951951951952 42.032 128.7807807807808 0 0 0 0 0 0 0
head 0 0 0 88.04 115.13513513513513 97.696 133.8978978978979 0 0 0 0 0 0 0
head 0 0 0 204.48 118.54654654654655 219.816 140.72072072072072 0 0 0 0 0 0 0
head 0 0 0 195.392 117.69369369369369 203.344 136.45645645645646 0 0 0 0 0 0 0
head 0 0 0 79.52 115.13513513513513 88.04 134.75075075075074 0 0 0 0 0 0 0
head 0 0 0 139.728 107.45945945945945 149.384 127.92792792792793 0 0 0 0 0 0 0
head 0 0 0 150.52 114.28228228228228 161.88 137.3093093093093 0 0 0 0 0 0 0
